[38;2;214;214;214m▗[38;2;222;222;222m▅[38;2;217;217;217m▅[38;2;207;207;207m▄[38;2;151;151;151m▂                [38;2;235;235;235m▇[38;2;241;241;241m▇[38;2;188;188;188m▅[38;2;224;224;224m▅▅                     
[38;2;223;223;223m▝[38;2;205;205;205m█[38;2;254;254;254m██[38;2;249;249;249m█[38;2;187;187;187m█[38;2;221;221;221m▆[38;2;202;202;202m▄[38;2;189;189;189m▂            [38;2;171;171;171m█[38;2;248;248;248m█[38;2;254;254;254m██[38;2;217;217;217m█              [38;2;219;219;219m▂[38;2;190;190;190m▄[38;2;232;232;232m▅[38;2;227;227;227m█[38;2;252;252;252m█[38;2;253;253;253m█[38;2;217;217;217m▊
  [38;2;200;200;200m▔[38;2;141;141;141m▀[38;2;189;189;189m▀[38;2;183;183;183m▜[38;2;212;212;212m█[38;2;251;251;251m█[38;2;254;254;254m█[38;2;247;247;247m█[38;2;249;249;249m▇[38;2;229;229;229m▇[38;2;216;216;216m▆[38;2;209;209;209m▄[38;2;223;223;223m▃[38;2;248;248;248m▂[38;2;172;172;172m▂[38;2;174;174;174m▁  [38;2;147;147;147m▂[38;2;221;221;221m▟[38;2;254;254;254m█[38;2;252;252;252m█[38;2;175;175;175m█[38;2;193;193;193m▙[38;2;148;148;148m▖  [38;2;188;188;188m▁[38;2;252;252;252m▁[38;2;202;202;202m▂[38;2;204;204;204m▂[38;2;197;197;197m▄[38;2;222;222;222m▅[38;2;245;245;245m▅[38;2;223;223;223m▆[38;2;238;238;238m▆[38;2;249;249;249m▇[38;2;248;248;248m█[38;2;246;246;246m█[38;2;208;208;208m█[38;2;222;222;222m█[38;2;197;197;197m█[38;2;193;193;193m▛[38;2;171;171;171m▀ 
        [38;2;244;244;244m▜[38;2;255;255;255m████[38;2;254;254;254m█[38;2;253;253;253m█[38;2;244;244;244m█[38;2;251;251;251m█[38;2;249;249;249m█[38;2;233;233;233m█[38;2;232;232;232m█[38;2;252;252;252m█[38;2;255;255;255m█[38;2;252;252;252m█[38;2;157;157;157m▀[38;2;218;218;218m█[38;2;254;254;254m█[38;2;253;253;253m█[38;2;245;245;245m█[38;2;253;253;253m█[38;2;254;254;254m█[38;2;250;250;250m█[38;2;244;244;244m█[38;2;254;254;254m██[38;2;255;255;255m███[38;2;248;248;248m█[38;2;207;207;207m█[38;2;222;222;222m▀       
[38;2;163;163;163m▄[38;2;246;246;246m▅[38;2;216;216;216m▆[38;2;224;224;224m▆[38;2;236;236;236m▆[38;2;247;247;247m▅[38;2;220;220;220m▅[38;2;242;242;242m▅[38;2;230;230;230m█[38;2;255;255;255m████████████[38;2;254;254;254m█[38;2;211;211;211m▛[38;2;129;129;129m▕[38;2;244;244;244m█[38;2;254;254;254m█[38;2;255;255;255m███████████[38;2;254;254;254m█[38;2;164;164;164m▙[38;2;222;222;222m▂[38;2;248;248;248m▂[38;2;228;228;228m▃[38;2;238;238;238m▃[38;2;208;208;208m▃[38;2;153;153;153m▂  
[38;2;187;187;187m▜[38;2;223;223;223m█[38;2;220;220;220m█[38;2;209;209;209m█[38;2;176;176;176m█[38;2;201;201;201m█[38;2;212;212;212m█[38;2;227;227;227m█[38;2;246;246;246m█[38;2;254;254;254m█[38;2;255;255;255m██████████[38;2;254;254;254m█[38;2;195;195;195m█  [38;2;232;232;232m▝[38;2;235;235;235m█[38;2;254;254;254m█[38;2;255;255;255m██████████[38;2;254;254;254m████[38;2;252;252;252m█[38;2;221;221;221m█[38;2;233;233;233m█[38;2;240;240;240m█[38;2;246;246;246m█[38;2;206;206;206m▌
 [38;2;145;145;145m▔[38;2;205;205;205m▀[38;2;214;214;214m▘[38;2;220;220;220m▁[38;2;187;187;187m▂[38;2;216;216;216m▃[38;2;203;203;203m▟[38;2;250;250;250m█[38;2;254;254;254m█[38;2;255;255;255m███████[38;2;254;254;254m█[38;2;250;250;250m█[38;2;222;222;222m█[38;2;182;182;182m▀     [38;2;202;202;202m█[38;2;254;254;254m█[38;2;255;255;255m█████████[38;2;254;254;254m█[38;2;228;228;228m█[38;2;252;252;252m▔ [38;2;131;131;131m▀[38;2;146;146;146m▀[38;2;237;237;237m█[38;2;164;164;164m█[38;2;159;159;159m▀ 
  [38;2;186;186;186m▆[38;2;232;232;232m█[38;2;241;241;241m█[38;2;243;243;243m█[38;2;254;254;254m█[38;2;252;252;252m█[38;2;247;247;247m█[38;2;243;243;243m█[38;2;254;254;254m█[38;2;255;255;255m███████[38;2;254;254;254m█[38;2;232;232;232m▊      [38;2;223;223;223m▐[38;2;254;254;254m█[38;2;255;255;255m████████[38;2;253;253;253m█[38;2;247;247;247m█[38;2;254;254;254m██[38;2;238;238;238m█▇[38;2;208;208;208m▆[38;2;177;177;177m▃   
  [38;2;232;232;232m▀[38;2;195;195;195m█[38;2;235;235;235m█[38;2;155;155;155m▛[38;2;244;244;244m▔ [38;2;201;201;201m▜[38;2;253;253;253m█[38;2;254;254;254m█[38;2;255;255;255m█████[38;2;254;254;254m█[38;2;251;251;251m█[38;2;218;218;218m▛[38;2;137;137;137m▘       [38;2;182;182;182m▜[38;2;249;249;249m█[38;2;254;254;254m█[38;2;255;255;255m█████[38;2;254;254;254m██[38;2;202;202;202m█[38;2;143;143;143m▀[38;2;209;209;209m▀[38;2;208;208;208m▜[38;2;230;230;230m█[38;2;248;248;248m█[38;2;210;210;210m█[38;2;129;129;129m▍  
    [38;2;220;220;220m▔  [38;2;194;194;194m▟[38;2;245;245;245m█[38;2;222;222;222m█[38;2;172;172;172m█[38;2;187;187;187m█[38;2;192;192;192m▛[38;2;253;253;253m▀▀[38;2;254;254;254m▀[38;2;225;225;225m▀           [38;2;138;138;138m▝[38;2;238;238;238m▀[38;2;254;254;254m▀[38;2;252;252;252m▀[38;2;253;253;253m▀[38;2;187;187;187m█[38;2;227;227;227m█[38;2;198;198;198m█[38;2;247;247;247m█[38;2;241;241;241m█[38;2;189;189;189m▄  [38;2;201;201;201m▀[38;2;131;131;131m▀    
      [38;2;165;165;165m▕[38;2;253;253;253m█[38;2;240;240;240m█[38;2;130;130;130m▏                          [38;2;134;134;134m▝[38;2;209;209;209m█[38;2;253;253;253m█[38;2;156;156;156m▍       
      [38;2;182;182;182m▐[38;2;217;217;217m▛[38;2;178;178;178m▘                            [38;2;159;159;159m▀[38;2;215;215;215m█[38;2;185;185;185m▌       
 [38;2;206;206;206m▄[38;2;218;218;218m▄[38;2;244;244;244m▃[38;2;222;222;222m▂                     [38;2;159;159;159m▟[38;2;250;250;250m▇[38;2;217;217;217m▇[38;2;139;139;139m▅[38;2;201;201;201m▄[38;2;242;242;242m▄[38;2;146;146;146m▄                          
[38;2;176;176;176m▐[38;2;247;247;247m█[38;2;254;254;254m███[38;2;237;237;237m█[38;2;211;211;211m▆[38;2;220;220;220m▄[38;2;176;176;176m▃                 [38;2;227;227;227m▐[38;2;240;240;240m█[38;2;253;253;253m█[38;2;251;251;251m█[38;2;254;254;254m██[38;2;216;216;216m▊                    [38;2;189;189;189m▃[38;2;233;233;233m▅[38;2;220;220;220m▇[38;2;235;235;235m▇[38;2;224;224;224m▇[38;2;174;174;174m▅
  [38;2;233;233;233m▀[38;2;183;183;183m█[38;2;216;216;216m█[38;2;239;239;239m█[38;2;209;209;209m█[38;2;223;223;223m█[38;2;252;252;252m█[38;2;240;240;240m█[38;2;223;223;223m▇[38;2;237;237;237m▅[38;2;195;195;195m▄[38;2;208;208;208m▃[38;2;211;211;211m▂[38;2;159;159;159m▁           [38;2;195;195;195m█[38;2;254;254;254m███[38;2;202;202;202m█[38;2;139;139;139m▘            [38;2;152;152;152m▁[38;2;170;170;170m▁[38;2;209;209;209m▂[38;2;221;221;221m▃[38;2;205;205;205m▅[38;2;241;241;241m▆[38;2;192;192;192m█[38;2;214;214;214m█[38;2;254;254;254m███[38;2;252;252;252m█[38;2;207;207;207m█[38;2;156;156;156m▀
      [38;2;211;211;211m▔[38;2;213;213;213m▀[38;2;196;196;196m▜[38;2;228;228;228m█[38;2;254;254;254m█[38;2;255;255;255m█[38;2;254;254;254m███[38;2;253;253;253m█[38;2;221;221;221m█[38;2;236;236;236m▆[38;2;211;211;211m▆[38;2;212;212;212m▅[38;2;235;235;235m▄[38;2;206;206;206m▄[38;2;217;217;217m▃[38;2;234;234;234m▂[38;2;132;132;132m▂[38;2;168;168;168m▄[38;2;228;228;228m▇[38;2;248;248;248m█[38;2;254;254;254m█[38;2;245;245;245m█[38;2;161;161;161m▜[38;2;231;231;231m▟[38;2;217;217;217m█[38;2;170;170;170m▄[38;2;193;193;193m▂[38;2;238;238;238m▂[38;2;225;225;225m▃[38;2;211;211;211m▄[38;2;214;214;214m▄[38;2;213;213;213m▄[38;2;226;226;226m▄[38;2;211;211;211m▆[38;2;235;235;235m▇[38;2;241;241;241m█[38;2;251;251;251m█[38;2;253;253;253m██[38;2;254;254;254m█[38;2;255;255;255m██[38;2;253;253;253m█[38;2;229;229;229m█[38;2;171;171;171m█[38;2;252;252;252m▀[38;2;237;237;237m▀[38;2;167;167;167m▀[38;2;145;145;145m▔  
          [38;2;193;193;193m▜[38;2;255;255;255m██████[38;2;254;254;254m██[38;2;251;251;251m█[38;2;249;249;249m█[38;2;253;253;253m█[38;2;235;235;235m█[38;2;236;236;236m█[38;2;252;252;252m█[38;2;254;254;254m█[38;2;255;255;255m█[38;2;254;254;254m█[38;2;242;242;242m█ [38;2;211;211;211m█[38;2;254;254;254m█[38;2;255;255;255m█[38;2;254;254;254m█[38;2;253;253;253m█[38;2;254;254;254m██████[38;2;255;255;255m█████[38;2;254;254;254m█[38;2;234;234;234m█[38;2;183;183;183m█[38;2;175;175;175m▀[38;2;199;199;199m▔        
[38;2;166;166;166m▗[38;2;238;238;238m▄[38;2;233;233;233m▅[38;2;228;228;228m▅[38;2;248;248;248m▅[38;2;219;219;219m▆[38;2;229;229;229m▅[38;2;230;230;230m▄[38;2;219;219;219m▄[38;2;247;247;247m▄[38;2;213;213;213m█[38;2;255;255;255m████████████████[38;2;254;254;254m█[38;2;172;172;172m▛ [38;2;238;238;238m█[38;2;255;255;255m████████████████[38;2;250;250;250m█[38;2;130;130;130m▎  [38;2;193;193;193m▁[38;2;176;176;176m▂[38;2;184;184;184m▂[38;2;145;145;145m▂    
[38;2;193;193;193m█[38;2;228;228;228m█[38;2;207;207;207m█[38;2;244;244;244m█[38;2;211;211;211m█[38;2;236;236;236m█[38;2;252;252;252m█[38;2;255;255;255m██[38;2;254;254;254m██[38;2;255;255;255m███████████████[38;2;254;254;254m█[38;2;197;197;197m█  [38;2;132;132;132m▜[38;2;248;248;248m█[38;2;254;254;254m█[38;2;255;255;255m██████████████[38;2;254;254;254m█[38;2;253;253;253m█[38;2;251;251;251m█[38;2;253;253;253m█[38;2;254;254;254m█[38;2;246;246;246m█[38;2;239;239;239m█[38;2;228;228;228m█[38;2;232;232;232m█[38;2;246;246;246m▇[38;2;238;238;238m▆[38;2;189;189;189m▖
 [38;2;212;212;212m▀[38;2;181;181;181m█[38;2;251;251;251m█[38;2;185;185;185m▛  [38;2;138;138;138m▀[38;2;162;162;162m▀[38;2;185;185;185m▜[38;2;237;237;237m█[38;2;253;253;253m█[38;2;255;255;255m███████████[38;2;254;254;254m██[38;2;247;247;247m█[38;2;181;181;181m▛    [38;2;177;177;177m▝[38;2;204;204;204m█[38;2;254;254;254m█[38;2;255;255;255m█████████████[38;2;253;253;253m█[38;2;233;233;233m█[38;2;207;207;207m█[38;2;194;194;194m█[38;2;195;195;195m█[38;2;202;202;202m█[38;2;184;184;184m█[38;2;250;250;250m█[38;2;227;227;227m█[38;2;242;242;242m█[38;2;192;192;192m█[38;2;206;206;206m▘
   [38;2;232;232;232m▔[38;2;180;180;180m▂[38;2;251;251;251m▃[38;2;228;228;228m▄[38;2;227;227;227m▅[38;2;235;235;235m▆[38;2;219;219;219m█[38;2;251;251;251m█[38;2;255;255;255m███████████[38;2;254;254;254m█[38;2;244;244;244m█[38;2;207;207;207m█        [38;2;224;224;224m█[38;2;255;255;255m█████████████[38;2;254;254;254m█[38;2;230;230;230m█[38;2;215;215;215m▄[38;2;218;218;218m▂[38;2;160;160;160m▁  [38;2;176;176;176m█[38;2;164;164;164m▛[38;2;133;133;133m▘  
  [38;2;192;192;192m▗[38;2;230;230;230m█[38;2;252;252;252m█[38;2;239;239;239m█[38;2;230;230;230m█[38;2;253;253;253m█[38;2;254;254;254m█[38;2;251;251;251m█[38;2;248;248;248m█[38;2;232;232;232m█[38;2;253;253;253m█[38;2;255;255;255m██████████[38;2;254;254;254m█[38;2;208;208;208m▉        [38;2;207;207;207m▜[38;2;254;254;254m█[38;2;255;255;255m██████████[38;2;254;254;254m█[38;2;244;244;244m█[38;2;252;252;252m█[38;2;254;254;254m███[38;2;253;253;253m█[38;2;243;243;243m█[38;2;210;210;210m▇[38;2;189;189;189m▄    
  [38;2;133;133;133m▜[38;2;185;185;185m█[38;2;223;223;223m█[38;2;231;231;231m█[38;2;193;193;193m█[38;2;140;140;140m▀[38;2;222;222;222m▔ [38;2;172;172;172m▜[38;2;250;250;250m█[38;2;254;254;254m█[38;2;255;255;255m███████[38;2;254;254;254m██[38;2;253;253;253m█[38;2;188;188;188m█[38;2;134;134;134m▘         [38;2;215;215;215m▜[38;2;253;253;253m█[38;2;254;254;254m█[38;2;255;255;255m█████████[38;2;250;250;250m█[38;2;202;202;202m▛[38;2;187;187;187m▀[38;2;239;239;239m▀[38;2;178;178;178m█[38;2;214;214;214m█[38;2;233;233;233m█[38;2;249;249;249m█[38;2;242;242;242m█[38;2;183;183;183m▊   
    [38;2;166;166;166m▔[38;2;210;210;210m▀[38;2;172;172;172m▘  [38;2;171;171;171m▃[38;2;210;210;210m█[38;2;253;253;253m█[38;2;240;240;240m█[38;2;253;253;253m██[38;2;251;251;251m█[38;2;234;234;234m█[38;2;224;224;224m█[38;2;229;229;229m█[38;2;241;241;241m█[38;2;219;219;219m█[38;2;192;192;192m▛[38;2;148;148;148m▘            [38;2;139;139;139m▀[38;2;186;186;186m█[38;2;236;236;236m██[38;2;223;223;223m█[38;2;240;240;240m█[38;2;250;250;250m█[38;2;253;253;253m█[38;2;254;254;254m█[38;2;241;241;241m█[38;2;253;253;253m█[38;2;254;254;254m█[38;2;200;200;200m▙   [38;2;226;226;226m▜[38;2;172;172;172m█[38;2;174;174;174m▛[38;2;149;149;149m▔    
        [38;2;183;183;183m▐[38;2;253;253;253m█[38;2;249;249;249m█[38;2;214;214;214m▛[38;2;215;215;215m▔[38;2;235;235;235m▔[38;2;232;232;232m▔                           [38;2;135;135;135m▀[38;2;189;189;189m▀[38;2;128;128;128m▀[38;2;205;205;205m▀[38;2;233;233;233m█[38;2;246;246;246m█[38;2;223;223;223m█[38;2;190;190;190m▖         
        [38;2;191;191;191m▐[38;2;254;254;254m█[38;2;242;242;242m█[38;2;207;207;207m▘                                  [38;2;130;130;130m▐[38;2;250;250;250m█[38;2;252;252;252m█[38;2;188;188;188m▎         
        [38;2;177;177;177m█[38;2;195;195;195m▛                                     [38;2;167;167;167m▜[38;2;216;216;216m█[38;2;192;192;192m▋         
