[0m    [38;2;202;202;202m▄[7m[38;2;181;181;181m▔[0m[38;2;9;9;9;48;2;217;217;217m▄[38;2;3;3;3;48;2;190;190;190m▄[0m[38;2;166;166;166m▆[38;2;214;214;214m▖[0m   [0m
   [7m[38;2;216;216;216m▋[0m[38;2;255;255;255m█[38;2;18;18;18;48;2;223;223;223m▝[38;2;90;90;90;48;2;219;219;219m▚[38;2;170;170;170;48;2;3;3;3m▘[38;2;55;55;55;48;2;246;246;246m▊[38;2;253;253;253;48;2;255;255;255m▔[0m[38;2;253;253;253m▖[0m  [0m
   [38;2;167;167;167m▝[38;2;225;225;225;48;2;254;254;254m▏[0m[38;2;255;255;255m█[38;2;0;0;0;48;2;212;212;212m▝[48;2;183;183;183m▘[0m[38;2;254;254;254m█[38;2;255;255;255m█[38;2;254;254;254m▊[38;2;144;144;144m▂[0m [0m
    [38;2;200;200;200m▝[7m[38;2;240;240;240m▂[0m[38;2;247;247;247;48;2;116;116;116m▋[38;2;209;209;209;48;2;1;1;1m▂[38;2;105;105;105;48;2;243;243;243m▎[0m[7m[38;2;245;245;245m▂[38;2;244;244;244m▁[38;2;215;215;215m▁[0m [0m
    [38;2;122;182;129m▂[38;2;141;216;148m▃[38;2;150;235;160m▃[38;2;150;243;162m▂[38;2;123;186;132m▂[38;2;185;185;185m▝[38;2;135;135;135m▌[0m  [0m
 [38;2;150;180;113m▗[38;2;152;220;140m▆[38;2;122;176;130;48;2;151;243;156m▔[38;2;149;243;159;48;2;148;244;158m▏[38;2;150;243;158;48;2;148;245;158m▔[38;2;148;244;158m▔[38;2;148;245;158;48;2;148;244;158m▆[38;2;150;244;160m▔[0m[7m[38;2;147;238;157m▔[0m[38;2;134;211;143m▅[0m  [0m
[38;2;138;138;86m▗[38;2;210;212;118;48;2;246;245;128m▔[38;2;235;242;129;48;2;249;246;126m▔[38;2;200;237;132;48;2;247;246;126m▔[38;2;239;244;128;48;2;166;242;147m▄[38;2;217;243;134;48;2;152;243;153m▂[38;2;149;244;154;48;2;147;244;157m▁[0m[38;2;148;245;158m███[38;2;149;243;159;48;2;148;244;158m▕[0m[38;2;140;221;150m▋[0m [0m
[7m[38;2;208;218;184m▋[0m[38;2;237;243;189;48;2;246;246;136m▎[38;2;191;228;191;48;2;249;246;164m▂[38;2;246;248;233;48;2;248;245;132m▅[38;2;252;249;227;48;2;249;245;138m▖[38;2;241;246;129;48;2;249;245;126m▔[38;2;238;245;128;48;2;171;242;144m▅[38;2;171;243;150;48;2;149;244;156m▏[38;2;148;244;158;48;2;148;245;158m▁[0m[38;2;148;245;158m█[48;2;149;244;158m▊[0m[38;2;146;230;155m▊[0m [0m
[38;2;177;179;121;48;2;239;240;135m▏[38;2;249;248;174;48;2;242;244;136m▕[38;2;136;201;144;48;2;231;242;191m▝[38;2;213;232;199;48;2;251;251;233m▎[38;2;250;245;144;48;2;252;251;219m▂[38;2;248;246;128;48;2;250;246;125m▏[38;2;243;246;128m▕[38;2;238;245;127;48;2;173;241;147m▅[38;2;240;245;128;48;2;164;240;148m▅[38;2;170;243;148;48;2;149;244;155m▏[38;2;127;194;136;48;2;149;242;158m▕[0m[38;2;122;179;131m▘[0m [0m
[38;2;232;238;139m▝[38;2;185;185;111;48;2;235;237;133m▁[38;2;249;244;128;48;2;246;213;136m▊[38;2;248;211;148;48;2;240;182;143m▔[38;2;240;188;139;48;2;249;214;141m▆[38;2;250;241;129;48;2;250;245;125m▏[38;2;250;246;125;48;2;251;247;125m▔[38;2;249;246;126;48;2;250;246;125m▔[38;2;179;203;142;48;2;229;245;134m▁[0m[7m[38;2;143;220;146m▂[0m[38;2;116;170;124m▘[0m  [0m
  [7m[38;2;219;218;126m▅[38;2;241;232;135m▄[38;2;234;226;130m▃[0m[38;2;148;134;126;48;2;244;230;150m▖[38;2;248;228;232;48;2;249;245;131m▃[38;2;246;227;222;48;2;249;245;132m▄[38;2;191;186;163;48;2;234;192;218m▔[0m[38;2;209;164;196m▆[38;2;186;149;175m▖[0m  [0m
     [7m[38;2;221;175;209m▎[0m[38;2;230;179;216;48;2;231;178;217m▔[38;2;229;179;214;48;2;232;178;216m▔[38;2;230;178;216;48;2;232;178;217m▔[38;2;232;178;215m▔[38;2;225;175;210;48;2;231;178;216m▔[0m[38;2;222;178;210m▖[0m [0m
     [7m[38;2;225;183;201m▌[0m[38;2;231;177;216;48;2;232;178;216m▎[0m[38;2;232;178;217m██[38;2;238;199;186;48;2;231;178;216m▗[38;2;248;238;134;48;2;231;183;203m▃[38;2;146;119;138;48;2;227;186;194m▕[0m [0m
     [7m[38;2;196;179;146m▂[0m[38;2;207;168;200;48;2;231;178;216m▁[38;2;230;178;217;48;2;232;178;217m▃▃[38;2;231;182;209;48;2;230;178;215m▔[38;2;225;180;214;48;2;241;225;159m▖[38;2;228;185;203;48;2;247;240;132m▝[0m[7m[38;2;163;156;116m▝[0m
      [7m[38;2;115;171;234m▍[0m[38;2;100;167;238;48;2;195;181;234m▆[38;2;100;168;238;48;2;194;181;234m▆[38;2;88;151;215;48;2;177;176;227m▆[38;2;157;180;229;48;2;97;162;230m▔[0m[38;2;224;231;148m▔[0m [0m
      [7m[38;2;69;100;128m▆[0m[38;2;98;168;238;48;2;178;200;159m▔[38;2;237;235;132;48;2;104;167;225m▄[0m[7m[38;2;133;172;183m▗[0m[38;2;103;153;210m▘[0m  [0m
       [38;2;211;213;131m▗[38;2;222;224;156;48;2;246;243;129m▁[38;2;134;135;99;48;2;244;240;130m▁[0m[38;2;154;156;97m▋[0m  [0m
