[38;2;237;188;164m [38;2;233;199;181m_[38;2;233;199;181m_[38;2;213;215;208m_[38;2;188;229;235m_[38;2;188;229;235m_[38;2;178;238;250m_[38;2;178;238;250m_[38;2;192;243;237m_[38;2;192;243;237m_[38;2;218;247;200m_[38;2;218;247;200m_[38;2;218;247;200m_[38;2;218;247;200m_[38;2;218;247;200m_[38;2;218;247;200m_[38;2;218;247;200m_[38;2;218;247;200m_[38;2;218;247;200m_[38;2;218;247;200m_[38;2;192;243;237m_[38;2;192;243;237m_[38;2;178;238;250m_[38;2;178;238;250m_[38;2;188;229;235m_[38;2;188;229;235m_
[39m[38;2;217;181;166m│[38;2;217;181;166m░[38;2;237;188;164m░[38;2;233;199;181m░[38;2;233;199;181m░[38;2;213;215;208m░[38;2;188;229;235m░[38;2;188;229;235m░[38;2;178;238;250m░[38;2;178;238;250m░[38;2;192;243;237m░[38;2;192;243;237m░[38;2;196;244;231m╱[38;2;218;247;200m [38;2;218;247;200m╲[38;2;218;247;200m░[38;2;218;247;200m░[38;2;218;247;200m░[38;2;218;247;200m░[38;2;218;247;200m░[38;2;218;247;200m░[38;2;214;247;205m░[38;2;192;243;237m░[38;2;192;243;237m░[38;2;178;238;250m░[38;2;178;238;250m░[38;2;188;229;235m│
[39m[38;2;148;173;195m│[38;2;182;177;180m░[38;2;217;181;166m░[38;2;217;181;166m░[38;2;237;188;164m░[38;2;233;199;181m░[38;2;233;199;181m░[38;2;213;215;208m░[38;2;188;229;235m░[38;2;188;229;235m░[38;2;178;238;250m░[38;2;178;238;250m╱[38;2;192;243;237m [38;2;192;243;237m [38;2;218;247;200m [38;2;218;247;200m╲[38;2;218;247;200m░[38;2;218;247;200m░[38;2;218;247;200m░[38;2;218;247;200m░[38;2;218;247;200m░[38;2;218;247;200m░[38;2;218;247;200m░[38;2;211;246;209m░[38;2;192;243;237m░[38;2;192;243;237m░[38;2;178;238;250m│
[39m[38;2;131;171;201m│[38;2;148;173;195m░[38;2;182;177;180m░[38;2;182;177;180m░[38;2;217;181;166m░[38;2;237;188;164m░[38;2;237;188;164m░[38;2;233;199;181m░[38;2;213;215;208m░[38;2;213;215;208m░[38;2;188;229;235m╱[38;2;188;229;235m [38;2;178;238;250m [38;2;178;238;250m [38;2;192;243;237m [38;2;192;243;237m [38;2;218;247;200m╲[38;2;218;247;200m░[38;2;218;247;200m░[38;2;218;247;200m░[38;2;218;247;200m░[38;2;218;247;200m░[38;2;218;247;200m░[38;2;218;247;200m░[38;2;218;247;200m░[38;2;218;247;200m░[38;2;192;243;237m│
[39m[38;2;145;171;202m│[38;2;131;171;201m░[38;2;148;173;195m░[38;2;148;173;195m░[38;2;182;177;180m░[38;2;217;181;166m░[38;2;217;181;166m░[38;2;237;188;164m░[38;2;233;199;181m░[38;2;233;199;181m╱[38;2;213;215;208m◯[38;2;210;216;211m [38;2;188;229;235m [38;2;178;238;250m [38;2;178;238;250m [38;2;192;243;237m [38;2;192;243;237m◯[38;2;192;243;237m╲[38;2;218;247;200m░[38;2;218;247;200m░[38;2;218;247;200m░[38;2;218;247;200m░[38;2;218;247;200m░[38;2;218;247;200m░[38;2;218;247;200m░[38;2;218;247;200m░[38;2;218;247;200m│
[39m[38;2;145;171;202m│[38;2;145;171;202m░[38;2;131;171;201m░[38;2;148;173;195m░[38;2;148;173;195m░[38;2;182;177;180m░[38;2;191;178;177m░[38;2;217;181;166m░[38;2;237;188;164m╱[38;2;237;188;164m [38;2;233;199;181m│[38;2;213;215;208m [38;2;213;215;208m◯[38;2;188;229;235m [38;2;188;229;235m◯[38;2;178;238;250m [38;2;185;241;243m│[38;2;192;243;237m [38;2;192;243;237m╲[38;2;218;247;200m░[38;2;218;247;200m░[38;2;218;247;200m░[38;2;218;247;200m░[38;2;237;249;163m░[38;2;241;249;156m░[38;2;239;249;159m░[38;2;218;247;200m│
[39m[38;2;175;172;206m│[38;2;145;171;202m░[38;2;131;171;201m░[38;2;131;171;201m░[38;2;148;173;195m░[38;2;148;173;195m░[38;2;182;177;180m░[38;2;217;181;166m╱[38;2;217;181;166m [38;2;237;188;164m [38;2;237;188;164m└[38;2;233;199;181m─[38;2;213;215;208m┤[38;2;213;215;208m [38;2;188;229;235m├[38;2;188;229;235m─[38;2;178;238;250m┘[38;2;178;238;250m [38;2;192;243;237m [38;2;192;243;237m╲[38;2;218;247;200m░[38;2;218;247;200m░[38;2;218;247;200m░[38;2;231;248;174m░[38;2;241;249;156m░[38;2;241;249;156m░[38;2;241;249;156m│
[39m[38;2;175;172;206m│[38;2;145;171;202m░[38;2;131;171;201m░[38;2;131;171;201m░[38;2;148;173;195m░[38;2;148;173;195m░[38;2;182;177;180m╱[38;2;182;177;180m [38;2;217;181;166m◯[38;2;217;181;166m─[38;2;237;188;164m─[38;2;237;188;165m─[38;2;233;199;181m┼[38;2;213;215;208m─[38;2;213;215;208m┼[38;2;188;229;235m─[38;2;188;229;235m─[38;2;178;238;250m─[38;2;178;238;250m◯[38;2;192;243;237m [38;2;192;243;237m╲[38;2;218;247;200m░[38;2;218;247;200m░[38;2;218;247;200m░[38;2;241;249;156m░[38;2;241;249;156m░[38;2;241;249;156m│
[39m[38;2;145;171;202m│[38;2;145;171;202m░[38;2;131;171;201m░[38;2;131;171;201m░[38;2;148;173;195m░[38;2;148;173;195m╱[38;2;182;177;180m [38;2;182;177;180m [38;2;217;181;166m [38;2;217;181;166m [38;2;237;188;164m◯[38;2;237;188;164m─[38;2;233;199;181m┼[38;2;233;199;181m─[38;2;213;215;208m┼[38;2;213;215;208m─[38;2;188;229;235m◯[38;2;188;229;235m [38;2;178;238;250m [38;2;178;238;250m [38;2;192;243;237m [38;2;192;243;237m╲[38;2;202;245;222m░[38;2;218;247;200m░[38;2;218;247;200m░[38;2;227;248;182m░[38;2;241;249;156m│
[39m[38;2;131;171;201m│[38;2;131;171;201m░[38;2;145;173;196m░[38;2;148;173;195m░[38;2;148;173;195m╱[38;2;182;177;180m [38;2;182;177;180m [38;2;182;177;180m [38;2;217;181;166m [38;2;217;181;166m [38;2;217;181;166m┌[38;2;237;188;164m─[38;2;237;188;164m┤[38;2;233;199;181m [38;2;233;199;181m├[38;2;227;204;189m─[38;2;213;215;208m┐[38;2;213;215;208m [38;2;188;229;235m [38;2;188;229;235m [38;2;178;238;250m [38;2;178;238;250m [38;2;192;243;237m╲[38;2;192;243;237m░[38;2;218;247;200m░[38;2;218;247;200m░[38;2;218;247;200m│
[39m[38;2;148;173;195m│[38;2;148;173;195m░[38;2;148;173;195m░[38;2;182;177;180m╱[38;2;182;177;180m [38;2;182;177;180m [38;2;217;181;166m [38;2;217;181;166m [38;2;217;181;166m [38;2;217;181;166m [38;2;217;181;166m│[38;2;237;188;164m [38;2;237;188;164m◯[38;2;237;188;164m [38;2;235;194;172m◯[38;2;233;199;181m [38;2;233;199;181m│[38;2;213;215;208m [38;2;213;215;208m [38;2;203;220;219m [38;2;188;229;235m [38;2;188;229;235m [38;2;178;238;250m [38;2;178;238;250m╲[38;2;192;243;237m░[38;2;192;243;237m░[38;2;218;247;200m│
[39m[38;2;182;177;180m│[38;2;182;177;180m░[38;2;217;181;166m╱[38;2;217;181;166m [38;2;217;181;166m [38;2;217;181;166m [38;2;217;181;166m [38;2;217;181;166m [38;2;217;181;166m [38;2;217;181;166m [38;2;217;182;166m◯[38;2;237;188;164m [38;2;237;188;164m [38;2;237;188;164m [38;2;237;188;164m [38;2;237;188;164m [38;2;236;190;167m◯[38;2;233;199;181m [38;2;233;199;181m [38;2;229;202;186m [38;2;213;215;208m [38;2;213;215;208m [38;2;188;229;235m [38;2;188;229;235m [38;2;178;238;250m╲[38;2;178;238;250m░[38;2;187;241;242m│[39m